ArrayList-addFirst
4000, 1
8000, 3
16000, 8
32000, 33
64000, 122
128000, 600
*************************************
ArrayList-addLast
4000, 0
8000, 1
16000, 0
32000, 1
64000, 2
128000, 4
*************************************
ArrayList-addMiddle
4000, 1
8000, 1
16000, 4
32000, 15
64000, 59
128000, 234
*************************************
ArrayList-isEmpty
4000, 0
8000, 0
16000, 0
32000, 0
64000, 1
128000, 0
*************************************
LinkedList-addFirst
4000, 0
8000, 1
16000, 1
32000, 1
64000, 3
128000, 3
*************************************
LinkedList-addLast
4000, 0
8000, 0
16000, 1
32000, 0
64000, 0
128000, 9
*************************************
LinkedList-addMiddle
4000, 5
8000, 19
16000, 80
32000, 342
64000, 1395
128000, 5567
*************************************
LinkedList-isEmpty
4000, 0
8000, 1
16000, 0
32000, 0
64000, 0
128000, 0
*************************************
